      0/14        0G   0.06603   0.06226    0.0216    0.1499        93       640   0.01864    0.4793   0.02042  0.003929   0.09249    0.1072   0.02079
      1/14        0G   0.06405   0.06469   0.01979    0.1485       163       640   0.02144    0.4843   0.02665  0.005383   0.08853    0.1095   0.01895
      2/14        0G   0.06296   0.06518   0.01779    0.1459       101       640   0.02856    0.4146    0.0231  0.004139   0.09371    0.1001   0.02721
      3/14        0G   0.06221   0.06234   0.01575    0.1403        26       640   0.05292    0.5534   0.06026   0.01018   0.08862    0.1055   0.02208
      4/14        0G   0.06307   0.06349   0.01428    0.1408       130       640    0.1641    0.1746    0.1406   0.02911   0.08559      0.11    0.0159
      5/14        0G   0.06332   0.06617   0.01316    0.1427        39       640   0.07664    0.3621   0.05858   0.01101    0.0865    0.1118   0.01243
      6/14        0G   0.06072   0.06277   0.01203    0.1355       102       640    0.1204    0.5145   0.05521  0.009349   0.08481    0.1145   0.01157
      7/14        0G   0.06188   0.06766   0.01118    0.1407        82       640    0.1941    0.3964    0.1463   0.03184   0.08356    0.1172   0.01018
      8/14        0G   0.06114   0.06508   0.01037    0.1366        74       640    0.1122     0.392    0.1157    0.0223   0.08256    0.1169  0.009322
      9/14        0G   0.06252   0.06749  0.009222    0.1392        99       640    0.1352    0.3987    0.1717   0.03862   0.08225    0.1152  0.008645
     10/14        0G    0.0613   0.06629  0.008228    0.1358        52       640    0.1724    0.6521    0.2243    0.0463   0.07988    0.1141  0.007468
     11/14        0G   0.06078   0.06718  0.007377    0.1353       134       640    0.1745     0.439    0.1946   0.03677   0.07545    0.1146   0.00698
     12/14        0G   0.06073   0.06274   0.00627    0.1297        46       640     0.149    0.5508    0.1696   0.02915   0.07096    0.1183  0.006061
     13/14        0G   0.05932   0.06154  0.005671    0.1265        42       640    0.1227    0.6359    0.1945    0.0415   0.06853      0.12  0.005575
     14/14        0G   0.05929   0.06218   0.00525    0.1267        53       640    0.1431    0.6117    0.1833   0.03544   0.06812    0.1167  0.004929
