      0/99        0G   0.06603   0.06226    0.0216    0.1499        93       640   0.01864    0.4793   0.02042  0.003929   0.09249    0.1072   0.02079
      1/99        0G   0.06378   0.06426   0.01983    0.1479       163       640   0.02118    0.4886   0.03296  0.007615   0.08789    0.1106   0.01889
      2/99        0G   0.06289   0.06492   0.01806    0.1459       101       640    0.1083    0.4988   0.05892   0.01056   0.08572    0.1121   0.01719
      3/99        0G   0.06204   0.06297   0.01629    0.1413        26       640    0.0545    0.5395   0.06805   0.01151   0.08485    0.1128    0.0166
      4/99        0G   0.06194   0.06479   0.01443    0.1412       130       640    0.1287   0.09889   0.07033   0.01332   0.08127     0.116   0.01316
      5/99        0G   0.06199   0.06775   0.01316    0.1429        39       640    0.0736    0.6078   0.07455   0.01806   0.08835    0.1104     0.014
      6/99        0G   0.06071   0.06206   0.01124     0.134       102       640    0.1241    0.2103   0.05732   0.01574   0.08611    0.1128   0.01164
      7/99        0G   0.06173   0.06599  0.009895    0.1376        82       640   0.09001    0.5964    0.1078   0.02145   0.08229    0.1163   0.01033
      8/99        0G   0.06245   0.06154  0.008388    0.1324        74       640    0.1338    0.3134   0.06828   0.01438   0.07574    0.1189  0.008769
      9/99        0G    0.0626   0.06206  0.006523    0.1312        99       640    0.2116    0.5012    0.2473   0.04696   0.07813    0.1163  0.006825
     10/99        0G   0.06106   0.06093  0.004956    0.1269        52       640    0.7701    0.1586    0.1686   0.03991   0.08012    0.1065   0.03279
     11/99        0G   0.06083   0.05924  0.003962     0.124       134       640     0.291    0.4115    0.2316   0.04838   0.06919    0.1225  0.006395
     12/99        0G   0.05981   0.05561  0.003259    0.1187        46       640   0.08926    0.5273    0.0753   0.01419   0.08285    0.1157   0.01045
     13/99        0G   0.05802    0.0538  0.002603    0.1144        42       640    0.2042     0.317    0.1407   0.03311   0.07439    0.1215   0.00442
     14/99        0G   0.05942     0.052  0.002403    0.1138        53       640    0.2021    0.3389    0.1769   0.04964   0.07165    0.1188    0.0078
     15/99        0G   0.05763   0.04978  0.002505    0.1099        84       640     0.175    0.5452    0.2183   0.05409   0.07361    0.1219  0.005708
     16/99        0G   0.05476   0.04558  0.002165    0.1025        62       640    0.3256    0.5136    0.3316    0.1276   0.07178    0.1167  0.007462
     17/99        0G     0.057   0.04816  0.002393    0.1076        29       640     0.475    0.3623    0.3387   0.09499   0.06899    0.1254  0.003582
     18/99        0G   0.05674   0.04838  0.002381    0.1075        86       640     0.397    0.5706    0.4247    0.1691   0.06689    0.1265  0.004368
     19/99        0G   0.05384   0.04679  0.002458    0.1031        66       640    0.5163    0.5684    0.4813    0.1648    0.0646    0.1323  0.006949
     20/99        0G   0.05112   0.04423  0.001973   0.09732        28       640    0.3046    0.2928    0.3142    0.1439   0.06988    0.1706   0.02484
     21/99        0G    0.0505   0.04417  0.001813   0.09648        53       640    0.3495    0.3129    0.3192    0.1454   0.06935    0.1723   0.01303
     22/99        0G   0.04916      0.05  0.001833     0.101        62       640    0.6641    0.8028    0.7835    0.3246   0.06307    0.1212  0.004228
     23/99        0G   0.04703   0.04649  0.001615   0.09514       108       640    0.6561    0.6878    0.6921     0.367    0.0663    0.1182   0.00416
     24/99        0G   0.04712   0.04518  0.001538   0.09383       139       640    0.5191    0.6391    0.5599    0.2231   0.06973    0.1282  0.005349
     25/99        0G   0.04811   0.04348  0.001337   0.09293       204       640    0.7656    0.7301    0.7943    0.4181   0.06931      0.11  0.003528
     26/99        0G   0.04581   0.04543  0.001283   0.09252        36       640    0.8051    0.8304    0.8476    0.4677    0.0695    0.1045  0.004115
     27/99        0G   0.04505     0.043   0.00201   0.09006       108       640    0.7212     0.497    0.5279    0.2726   0.07427    0.1932   0.01741
     28/99        0G   0.04617   0.04504  0.001479   0.09269       153       640    0.5998    0.6724    0.6777    0.2914   0.07825    0.1128  0.004995
     29/99        0G    0.0451   0.04718  0.001564   0.09384       131       640    0.8048    0.8105    0.8442    0.4347    0.0712    0.1022  0.004338
     30/99        0G   0.04435   0.04349  0.001369   0.08921       138       640    0.7548    0.8418    0.8411    0.4802   0.06393    0.1153   0.00376
     31/99        0G   0.04452   0.04393  0.001526   0.08998        82       640    0.7228    0.7832    0.7811    0.4648   0.06488    0.1204  0.003398
     32/99        0G   0.04476   0.04722  0.001305   0.09329        63       640    0.7804    0.8013    0.8555     0.566   0.06373    0.1116  0.004089
     33/99        0G   0.04129   0.04469  0.001071   0.08705        30       640    0.7928    0.8425    0.8399    0.5376   0.06335    0.1123   0.00346
     34/99        0G   0.04198   0.04464  0.001117   0.08774        63       640    0.6733    0.7563    0.7123    0.4166   0.06394    0.1211  0.009778
     35/99        0G   0.04201   0.04589  0.001222   0.08912       148       640     0.782    0.8099    0.8588    0.5298   0.06114    0.1151  0.004423
     36/99        0G   0.04117   0.04711  0.001032   0.08932       111       640    0.7893     0.837    0.8548    0.5549   0.05915     0.118  0.003967
     37/99        0G    0.0414   0.04801 0.0009982   0.09041        18       640    0.8124    0.8048    0.8615    0.5389   0.06032    0.1152  0.003937
     38/99        0G   0.03992   0.04465  0.001146   0.08572        38       640    0.8137    0.7977    0.8511     0.531   0.05987     0.118  0.006624
     39/99        0G   0.03932   0.04508 0.0009718   0.08538       106       640    0.8079    0.8058    0.8544     0.527   0.06312    0.1187   0.01785
     40/99        0G   0.03938   0.04457  0.001151    0.0851        21       640      0.66    0.8002    0.7629    0.4158   0.06273    0.1322  0.007075
     41/99        0G    0.0385   0.04373 0.0009374   0.08317        54       640    0.6131    0.8061    0.6584    0.3484   0.06354    0.1224  0.007069
     42/99        0G   0.03801   0.04403 0.0008487   0.08289        63       640     0.779    0.7667    0.8232    0.3768   0.06913    0.1202  0.008191
     43/99        0G   0.03851   0.04482 0.0008708    0.0842       107       640    0.8007    0.7941    0.8662    0.5329   0.06609    0.1078  0.004136
     44/99        0G   0.03913   0.04723 0.0009365   0.08729       109       640    0.7966    0.8363    0.8762    0.5762   0.06602    0.1032  0.003485
     45/99        0G   0.03652   0.04462 0.0006864   0.08183       110       640  0.007359    0.1406  0.001148  0.000226    0.1377    0.4847     3.504
     46/99        0G   0.03682   0.04536  0.001025   0.08321       100       640    0.8112    0.8234    0.8712    0.5553    0.0678    0.1022  0.002913
     47/99        0G   0.03754   0.04528  0.001158   0.08398        24       640    0.8118    0.8507    0.8652     0.582   0.06616    0.1029  0.003378
     48/99        0G   0.03804   0.04527 0.0009657   0.08428        44       640    0.7958    0.8399    0.8722    0.5607   0.06684    0.1035  0.003352
     49/99        0G   0.03736   0.04704  0.001066   0.08547        50       640    0.5665    0.5777    0.5945    0.3443   0.07126    0.1056  0.004582
     50/99        0G   0.03736   0.04641 0.0008776   0.08464        48       640    0.4622    0.5674    0.4737    0.2555   0.07379    0.1046  0.004696
     51/99        0G   0.03829    0.0451  0.001235   0.08463        39       640    0.5819    0.8469    0.6492    0.3766    0.0644    0.1296  0.006106
     52/99        0G   0.03758   0.04754  0.001059   0.08618        38       640    0.5156    0.7872    0.5517    0.3056   0.06865    0.1475  0.009348
     53/99        0G   0.03824   0.04336  0.001019   0.08262        91       640    0.4902     0.792    0.5314    0.2904   0.06917    0.1658   0.01344
     54/99        0G   0.03656   0.04431  0.001098   0.08196        46       640    0.7123    0.7028    0.7103    0.3931   0.08252    0.1223  0.003628
     55/99        0G   0.03673   0.04511 0.0008715   0.08271       169       640    0.8255    0.8007    0.8582    0.5788   0.06784     0.105   0.01579
     56/99        0G   0.03686   0.04428  0.000867   0.08201        67       640    0.6974    0.7503    0.7151     0.461     0.072    0.1012   0.02464
     57/99        0G   0.03575   0.04628 0.0009542   0.08298       121       640    0.8082    0.8221    0.8614     0.564   0.07485   0.09605  0.002736
     58/99        0G   0.03575   0.04475 0.0009991   0.08151        86       640    0.7973    0.8523    0.8722     0.586   0.06836    0.1028  0.004185
     59/99        0G   0.03659   0.04827 0.0009692   0.08583       144       640    0.6523    0.7919    0.7255    0.4637    0.0682    0.1049   0.03874
     60/99        0G   0.03493   0.04373 0.0006981   0.07935        55       640    0.7586    0.8234    0.8065    0.5396   0.06495    0.1055  0.008664
     61/99        0G   0.03711   0.04547  0.001095   0.08367        79       640     0.621    0.8312    0.6952    0.4516   0.06802     0.107   0.01467
     62/99        0G   0.03534   0.04458 0.0008183   0.08074        61       640    0.5567    0.5971    0.5915    0.3333   0.07287    0.1053  0.007353
     63/99        0G   0.03638    0.0479 0.0008908   0.08517        18       640    0.8045    0.8461    0.8673    0.5685   0.06204    0.1117   0.01419
     64/99        0G   0.03464   0.04514 0.0007576   0.08054        58       640    0.8037    0.8641     0.881    0.6137   0.06295    0.1086  0.005151
     65/99        0G   0.03653    0.0464 0.0009806   0.08391        61       640    0.6769    0.8325    0.7419    0.4997   0.06439    0.1105   0.02313
     66/99        0G   0.03604    0.0471 0.0009066   0.08405        73       640    0.8312    0.8378    0.8816    0.6025   0.06473    0.1059  0.003535
     67/99        0G   0.03432   0.04597 0.0008852   0.08118        83       640    0.8626    0.6571    0.7989    0.5417   0.07256    0.1089  0.007393
     68/99        0G   0.03427   0.04397  0.001117   0.07936        43       640    0.8496    0.8237    0.8881    0.6179    0.0627    0.1128  0.003333
     69/99        0G   0.03511   0.04532 0.0009727    0.0814        31       640     0.815    0.8549    0.8857    0.5989   0.06544     0.104  0.002827
     70/99        0G   0.03587   0.04384 0.0009663   0.08067        66       640    0.8231    0.8513    0.8899    0.6138   0.06394    0.1071  0.003976
     71/99        0G   0.03476   0.04519 0.0008059   0.08075       172       640    0.8407    0.8606    0.8938    0.6205   0.06288    0.1065  0.003821
     72/99        0G   0.03441   0.04726 0.0006456   0.08232        40       640    0.8436    0.8403    0.8932    0.6128   0.06369    0.1055  0.003436
     73/99        0G   0.03346   0.04472 0.0007331   0.07892        64       640    0.8481    0.8413    0.8926    0.6186   0.06376    0.1046  0.003306
     74/99        0G    0.0339   0.04346 0.0007068   0.07807        70       640    0.8315    0.8499    0.8923     0.614    0.0642    0.1064  0.003478
     75/99        0G   0.03452    0.0457 0.0007518   0.08098       155       640    0.8225    0.8728    0.8956    0.6245   0.06386    0.1051  0.003379
     76/99        0G   0.03433   0.04529 0.0008015   0.08041        89       640    0.8233    0.8543    0.8906     0.614    0.0643    0.1055  0.003548
     77/99        0G   0.03446    0.0446 0.0006566   0.07971       102       640    0.7907    0.8825    0.8925    0.6255   0.06487    0.1049  0.003117
     78/99        0G    0.0348   0.04548 0.0007779   0.08107        66       640     0.851    0.8258    0.8953    0.6231   0.06223    0.1074  0.003387
     79/99        0G    0.0347   0.04616 0.0008831   0.08174        52       640     0.844    0.8606    0.8982    0.6178   0.06043    0.1102  0.003582
     80/99        0G   0.03569   0.04559  0.001059   0.08234        46       640    0.8328    0.8643    0.8981    0.6183   0.06227     0.106  0.002812
     81/99        0G   0.03401   0.04446 0.0007332    0.0792        87       640    0.8322    0.8627     0.899    0.6279   0.06229     0.107  0.002871
     82/99        0G   0.03478   0.04466 0.0009159   0.08036        53       640      0.85    0.8327    0.8909    0.6259   0.06219    0.1072  0.003563
     83/99        0G   0.03417   0.04583 0.0007643   0.08076       133       640    0.8158    0.8302    0.8621    0.5783   0.06236     0.109  0.006416
     84/99        0G   0.03436   0.04565 0.0005935   0.08061        78       640    0.8341    0.8349    0.8781    0.5952   0.06351    0.1082  0.008537
     85/99        0G   0.03467   0.04306 0.0007959   0.07853       153       640    0.8159    0.8748    0.8958    0.6418   0.06388    0.1046   0.00408
     86/99        0G   0.03496   0.04592 0.0007196    0.0816        94       640    0.8228    0.8767    0.8993    0.6255   0.06409    0.1027  0.002826
     87/99        0G   0.03384   0.04541 0.0006291   0.07988        67       640    0.8325    0.8706     0.904    0.6405   0.06235    0.1054  0.002901
     88/99        0G   0.03403   0.04456 0.0007545   0.07934       103       640    0.8737    0.8421    0.9004    0.6287    0.0614    0.1097  0.003601
     89/99        0G    0.0346   0.04604 0.0008522   0.08149        51       640    0.8361    0.8549     0.895    0.6275   0.06179    0.1098  0.004411
     90/99        0G   0.03428   0.04434 0.0008732    0.0795       125       640    0.7983    0.8821    0.8941    0.6232   0.06185    0.1097  0.006726
     91/99        0G   0.03312   0.04347 0.0007513   0.07734        96       640    0.8375    0.8099    0.8827    0.6174   0.06209    0.1084  0.008215
     92/99        0G   0.03386   0.04651 0.0008103   0.08118       112       640    0.8333    0.8589    0.9012    0.6416   0.06154     0.106  0.003014
     93/99        0G   0.03301   0.04353 0.0006282   0.07717        65       640    0.8216    0.8642    0.9002    0.6321   0.06134     0.108  0.003441
     94/99        0G   0.03358   0.04509 0.0007134   0.07938        52       640    0.8041    0.8513    0.8722    0.6005   0.06149    0.1084  0.007138
     95/99        0G   0.03344   0.04449 0.0006495   0.07858        56       640    0.8361    0.8291    0.8767    0.6054   0.06208    0.1076  0.008559
     96/99        0G   0.03442   0.04531 0.0009412   0.08067        49       640     0.791    0.8613    0.8747    0.6064   0.06182    0.1098  0.009167
     97/99        0G    0.0343   0.04733  0.000618   0.08225        51       640    0.8291    0.8513    0.8971    0.6306   0.06178     0.107  0.005813
     98/99        0G   0.03366   0.04701 0.0006343    0.0813        38       640    0.8269    0.8461    0.8949    0.6243   0.06233    0.1053  0.005355
     99/99        0G   0.03459   0.04522 0.0007229   0.08054        69       640    0.8107    0.8563    0.8939    0.6244   0.06152     0.108  0.005547
